0 0.09833333333333333 0.42112299465240643 0.15666666666666668 0.3698752228163993
0 0.26250666666666667 0.4267023172905526 0.175 0.46568627450980393
0 0.5483333333333333 0.2757397504456328 0.3 0.29746880570409984
0 0.8691733333333334 0.4289304812834224 0.26166666666666666 0.30971479500891264
0 0.77584 0.7252584670231729 0.11 0.1626559714795009
0 0.695 0.6211051693404634 0.17 0.15932263814616754
0 0.6283333333333333 0.5436720142602496 0.09666666666666666 0.17379679144385027
0 0.8866666666666667 0.6450623885918003 0.17 0.09135472370766488
0 0.8787466666666666 0.7709447415329769 0.12917333333333333 0.13814616755793227
0 0.28125333333333336 0.7380748663101604 0.08250666666666667 0.1615508021390374
0 0.10750666666666667 0.6651158645276293 0.20166666666666666 0.3141711229946524
1 0.4441733333333333 0.5715329768270945 0.095 0.3721033868092692
1 0.35792 0.6823707664884135 0.06917333333333334 0.27741532976827094
1 0.5316666666666666 0.5887878787878787 0.07 0.3353475935828877
1 0.5837466666666666 0.6845989304812834 0.07917333333333333 0.16600713012477716