1 0.5818431911966988 0.4917525773195876 0.2668500687757909 0.7030927835051546
1 0.1313617606602476 0.47989690721649486 0.04264099037138927 0.08556701030927835
1 0.3500687757909216 0.565979381443299 0.06740027510316368 0.18762886597938144
1 0.2558459422283356 0.5927835051546392 0.09353507565337002 0.16288659793814433
1 0.1657496561210454 0.5396907216494845 0.06602475928473177 0.11855670103092783
1 0.3012379642365887 0.5061855670103093 0.06327372764786796 0.09690721649484536
1 0.37792297111416784 0.49226804123711343 0.04883081155433287 0.06494845360824743
1 0.2469050894085282 0.4706185567010309 0.07565337001375516 0.07938144329896907
1 0.4762723521320495 0.4747422680412371 0.061210453920220086 0.058762886597938144
1 0.3015818431911967 0.4268041237113402 0.04470426409903714 0.049484536082474224
1 0.3878954607977992 0.41237113402061853 0.04126547455295736 0.032989690721649485
1 0.44738651994497936 0.4231958762886598 0.030949105914718018 0.05463917525773196
1 0.7211141678129298 0.561340206185567 0.05570839064649243 0.20721649484536084
1 0.7737276478679505 0.5381443298969072 0.06740027510316368 0.11958762886597939
1 0.8614167812929848 0.6216494845360825 0.06671251719394773 0.19175257731958764